city,increase,same,reduce
Tel-Aviv,100%,0%,0%
Zurich,79%,21%,0%
Brussels,73%,27%,0%
Copenhagen,73%,27%,0%
Berlin,76%,21%,3%
Oslo,67%,33%,0%
Tallin,67%,33%,0%
Amsterdam,63%,37%,0%
Budapest,67%,30%,3%
Madrid,63%,37%,0%
Paris,63%,37%,0%
Rome,67%,30%,3%
Dublin,63%,34%,3%
London,55%,42%,3%
Stockholm,48%,48%,4%
Warsaw,45%,55%,0%
Vienna,43%,53%,4%
Helsinki,40%,57%,3%
Average,64%,34%,2%
